38597126119210625941606906722588649684658312222104280025613711576278547138816
37179880113880898402673245192798592892957275294387494424712770687025354736896
45265117218966876041000997556400424361574051910503428794197588661481825982464
29891642873404457317112727198388786529701314213591824514719416425354080388608
8290412220558841742315769848191687205829862437149856232311256975614832904192
24031149194474656148956894237066112826837329262716024682141500038968294934272
45412069202177860461777011878868286761931809139850189046106101521762123093248
7870233902940342914961688632663271546449572784993165363922549264084664543488
44499962011983741563201437716865728701349630629687464110282404680647496406528
30937844093381470818484138567831918342059021594065145186828377480383997372416
45318564342677346062485795208959426344703699852956962439993975766150595307264
15048802393953530381679911804282448999721322869469761456811877971681651299840
38966404057494779564516913080929672067212158505932067725733812011192890787328
30932785113322872531347472687267336164258478515305549096569643350304036849664
15554237984187715874724161443283699637820244731462516548403848358039211305216
7781774220032063987597453068097732921281824738456862418255958147621461775872
30824993638860237013998612510015505330611394332580201338431156548120337541376
31778656243827297159364725872354586422242859253857691606192745905288092550400
44952709670579888061160864933627114301301164064533066043672681464560035989248
16315624837674291143017814981119677186917464653115080812391266756788741368064
7779890043272811466453641749517798269164867861407298338516552315548087063808
30370486034951468191941147935280074424408551326823793755275169759720307521280
15525768280494858914245146579544429422054059094203549537053525100077167240704
44026433195116917274787171868039525995344971688063423463603370967816249693952
9990098391629644112671057516084854427315910871954842707899246533419883468544
30789318511998635808073390228198873730565673052018389852102255060081031284736
44363900984483729597291970850637630433820789273576403919460495686190810883584
46288114767721866094943730364200038310869915917785090198639151323213203072256
15097839301774580262099956870709313099128519616012157551296745261858732607744
38505029215957376922928194782349182166567522418709979541117817136596170151680
30909360586221425062742525564386165783274778675116725908496332079401290523904
8180867702529904860812948927675984136934472409293736043273741442124058482176
15891691970068980857474491643594151219098373413400916705821152612123086850048
15017006048553591714666337714396042344481333935299161298077296994381172480000
30791402839383801514393343916070915653163655697187243664374914928686076954880
15501232572232532573052320048760778477138150502402108254826662299770611521792
23693667601589950367699324401821877166906446538106631527983206889755597436160
17283767306449695053381974705830489122463786887918766663238036432626373855232
8180653748399715380910465999642033773689181705396642244372920316594343008000
8772864995425044236484434485486838499836408098001533043303537455776053745920
17331472177224213342898803772128358977077337049238359929276996132857613743872
24145973548446667127620196997064844156082876204273903587219236641047624242688
16824048884061799992638826946982713020992585274153472439302422724899158459904
23192110792828973055389098109299281715153226355533964387628230738456055666176
17246870570506872798157322141231700028776046300293497155346467276078927272192
31722565751252069383987598455861939829774652330298748744422722305101100648448
22654865053702126187715844423294902475846333828949449128849975256989568502016
37635761165305686848062808280252896235482993668050460927602890564926321480960
24004729309457930446664971844657534239889398909215957688235236206969183761920
39049432066033195758784667621193606144488059840609609665477115484981066819584
44841177449628506911398863847525715223760996527156431030053732304106510977024
38537405308058710870838472231828685104612744130710816054570722165939606423040
45295581527341690018823310022624558660060294248594525276338753713167087802368
45721163912337768524406808236898893916282472314033000365538983787680240342528
44357282209756080855443966289166364809629574299961641702574222867106371175680
9986792455122949427334113770096007222717290261822692951308882416722805876992
10071145598979620033336355809174448508954321447596675807743374902337395398912
15976397102982340006182198343686891175084950602009388721396163949711234529536
24541857718898580288679649045195767586685497194766405341536671821275488147712
16407086780255350673548082809625879616975786652682482459604148173459955483904
22762525394977638609005433556763220442143935223585123300272496383008343296000
37720542217431384878681859981871317728651619227952742952762480880125697419520
22335293492611948246924436644989208229993689369434870517093001879711361893632
39043938275954729208734762435597200564207782129313751016104766701713048033024
45348462707852472040245340436911011533004345802218855385229729927992344680192
37722750776255720796613188066077631932498144446911458294897154945314031424768
22679939098178346294392011042071266153391998029840053418454212683380608702720
30367276722886638281489166704617187716148416506107099233700715702180209329408
29577378755255967456900928026894021730215044903045695267246837133307201087488
7781891549727775700151394318189998068049547146533864636791095401201442314496
29430944403003772600782597615721723503041491332442629037426936010660398913024
37125252791539518479941900095747279312280160143501570211427445491198105851904
22704109013871687920768532207580997835888330756542511991168134816319209306368
16801411156032087096441662626041201369245798710197554280950921269284471019520
29916496061998090028012318663700168658795383169144829064153625583163163629568
38061667932359543911024338809324765024790678637343936859464384544070143870976
24598189772574089963504207445060578416468346643168447828685026230892192356608
23665825956832037884561359679708038752903246816735021768468225143939706288128
10071504489796670451654785690343635470428580162201931293476898010029271378176
8233748883025417876952761994789756809046408880048856058349194610457603307008
8657999230962143296322746979669089670924331119962996517702425944482510239232
31246925000018370408367327386043859386522836426928554043880404762793046598912
16370431605407082982796494968570964037205780691885146498929927768402069722368
8265655656399713916502910158564919846741566674646883155307334898930540910080
37685764317608825293907634815959483299207081026256034735005834690890361767424
36786459866862888184437085144274668521617679284846324722843830502054051538688
43968472329304361873611258234102072147747250979306976531868548149901464802560
15499479528673514072131872099465157160737153187105290740071478518782684071936
38508687141494879881705288542062150754162277269791794654665191620534571731200
8265441702262242099760251034661970052416315554966654252560262683978978646272
15502895893100444312266436565954537243078654837280029029639896952333163660800
14957064381525101221648196401737068434142120503406225436705109664620336412928
29524490673007808591842020478898008895755510015231319593720060707959205160448
44929740658725842572385349524458174397736932738510349931027711933293450987520
15101911332113068792039907306977813595268385701251115051630914150095747909888
30936208379505193716815868019079513614595497088631665062712115632790040049920
37577869316969063166044815748840978388400301143836979164743888244780425442560
15946498737794003264433726773556814697637409151839716415944772948406736361472
15071447023716913341908843692610718435076517827040651016187790261767213905664
8657923311752409060060547852000882384812032721736835535081495418223573177600
46307412050520709376605090714978764110254912161489945214542499165619004930048
30395518668957345453229427386717329229033503337277458255433536772597297407488
30483785102959352077514816094748834904437777816435362231496796066129194211584
30821577274417729031012773713809876807536269766914194960114540217126186747392
30791216492238608811209226201609848776445035063103841337382608781922000008960
30872594983419015572411152017927784682853757701199335869384632982854602151424
17274698411770654904219405377330950711983159485648392678754199026095329023488
9675723845534151756881257265666384331960984882178228059680862542456507696640
30849605266332812125583476142977959905438655095710214347849174541289830979328
10041350759993864216289984279452948365370290356329430250166083351364898350336
38932958194685068143343024972586842011968216593205648706682616403497180563456
45403138342410847314748944562507897762755268364011739412810968153127145273344
46307874467531727903148309238471051913896855742042883553485078949546297943808
15926594101331069177351066826203316642340140705966079587559264114293652944384
8770884194223436485026832430130407328560189765361441153044216623384390755584
15444583038229955926765840493769232423165353982523043667785770769211476961280
22259222444365364935707234836000621441483109129311605578099359874053244814848
15981359458599850636973804663870640315929875002292339491098386773582664795648
44867990734172571199662582378006782508135412532697517361072078629149682784256
10073478389244807836599232817557641259168360126214827255182908932844265298176
43966470822862511773293756194648131079635929182602942569694163200447826195968
39074409486063415248865839532992929011860387753103036729189583936326003615232
31381315804881433881547625768356505586821390338705962843264403779123976697856
17363068371993217629603098972962690839709436100470464161240651384604444742912
16829908466698811106698331560620245256127586896687176981755166458206468278016
9165339703188218562563569190411011323160628859165753977510582915042168558848
31692494842446694010540307520315188341121967035256798636444398449465775195392
38139857816748765106219466852196491412021928284649191376862422469516792988928
37268802213806365689304474366590204206664083009481064546029207051393735104256
38166256996499658285318451718024478768510874211140019216335232054548460041984
9592688935241699574341530470111749896878513112908143105194389011467790162176
8629978140793861854308405187943179955870096272654636538098647836034059437824
17218601017470037798319228714654096001042228017243279071277405047720757270784
15416106432790782468185784558523858163281092522468564531638037522072059939072
16803053771668770014199271551401266572322677853120849637522475813589300442880
30455508648183128441881944221751302929445821545828162413319595266593945650944
39019637227048263007896646897004927222013011389129253373440608701345208768768
23700838516042703493728756574969984903133221579768370183109908087932148275456
8739405329123794716295278152591381049007141807685327079785944054986597434624
31384966828699686445372565657779433987959181427551163337600031803779868891392
9189516520641387065616898691468781694916262256606731073806295574117830194944
46260280024711020504817714959699509761821396275748839139863597562223074563584
10101741040536170308793731788641068813680546604773665994129805099118965053696
17282124690845100930414711444632303663430136883385895245182625413440895149568
44872849563589246165740749853899175293298015638570345104702264870298041542144
15444369084073073491887307980861579370597588142637522962894406596334400923392
9620730730623178496215193935525218746970336183396221254927133319198117614848
31838708338803805543166454143777397773740866216231155086759256382384858814720
15926594101350460124181477982945394789318152334721584441807938569063175128832
29518858847968316715447134756806225810767057118962492105498412296028402710272
7806392749251840573589075914744345032545825411882988679241974371966191761408
44364218464815682168852230114473228262486284917726237320599637794320473884416
38111243176368566117278294618429020981370267228799702841777997223852877698560
29580802021436519503672804842526263938811779421546801066598777468057437034240
23184829450437987675276991012874845562277046103014890590044138261231226689536
10097896767820521068885758685285061846189701253973008202415490141846095099648
31780968328865323453437907609115186924155695053357724664005280190101098891264
8681196000447799529161517803677770117458514743800228784973945277210888205824
29579042076106180397702841910347993299977281745018613827827277960287220242688
38591929104197890117740749495920064024610055462673677498294098372802748310784
9594655932943901558128627266865132680257116116652182810391677380681753004032
43940202776266620459078703587464373989619537299045010297049242211091722360576
43998488024159922503515039928425840771941212029692674474510972275917392803072
45779490570701388074463517710226679512851719130009174267435566778447855715840
30393979579501548327211466843010294885546266717078978610987599215942655444736
22709740838891906356097195839930823280877047758952410325266760003691577182464
15101828511156031725305926845217669315686944978364325302266874965991701714688
9189930625422167269004042042999397656962052515066722566956887037316712208384
17280012756450665920904448698936934651405460187292026316970947419476684544256
9613649538870164479394294358504702481673611933311890888353103951366052149248
16398245643177686198978747249332800105865907143992508965857563712772541605632
43911698563854432069319324409443414173910124575069510025105744708469014287872
37185401510958817636592123476418686007894103187898156716865790641415223937280
16858191823234539367653520354807858298169092795662857830658085051140727461632
7808380452207143347818687919452598907702520625417605079104821356119628154112
30342520158748079776602152975676393192187883305237513517610788027613016790528
44954138332060926088033982995366782930941668781538059879728928850910100420096
37123803424800958901061209911085340303830044832107967294014872082044076513536
9536039401202097373268698873594731714163760855468871094729326548650181613056
38542374565420167425166725497026022229738441827574059461972678343737504794368
9166637231481673552973432627715311430957978552343098670587424399228141139456
23556053681199806629089263427801602666343688623019508906873485150810314020864
44871538231796525010091483705485037626675279080514825460264017586921049249280
9592889085886968345033540241722192121026811160341069744964186901050228828160
31272102570689739934540014688328862657714547309275437013962377886697308652800
30932322696291385111635151753017875031608939445134299255081837210815138465792
43939954313384591132037222169219965071011765229507386062549790578250733881344
16373930790798818510501310470434430133126861149756230857126697989634709284864
10037817065851987052909875300944292978557662898362174614253635829235485869824
38174725439294351740531348089139968545649808165283673129437262213128911288576
37234887032266490011432201615246975131679416758476927938109576369035386648064
8708906512030060898380615182960628149758412392320210927689792832235121432320
45802100691734296813432159755968162357838177361449216356615491450176310641920
29944972667432683705715735538311019885963882632179731254279124547073113416960
9649117613359822668054204997480884475856037963884952228110336237847866471936
10039563207684802033592889354913038403273985672757206099574309463935971383296
38109483231077366097783130816881997324328564941987717009444937672280576198144
36667604893037125051463664819676633991395671266603291862928832261672764012288
9559325893375370081742308450715226544714142715874438039358499454300173461760
37607926422282546694681412577178645778144754595461448227006218850367204324864
38061571307938357278085929577806433928508496522199258202109394939197496317696
39014198650939722307301555729533985928477057683428804101672709833350595368448
16455233362756987739652747513244594048483483575827996245857951393261420050432
15106804670252806743845740215509672964911251859526579695084435668118787298816
22789028100950577321370333172067148985989463958579979568448360945052060837376
30400625961228132532790020363053980106741325466334165229349731497814714115584
7811693290439256363583985177507770102225747044237211353066105159073316496896
24011589645300310693209930377044832381365229375955417178120835352979385640448
23216708616801143907422385663080182812255908878098836636506948126084219365632
14994050840203749906735322078026978474934652306445738382591084631291335300608
17308296112965825261539217316657777123106771431991338869069790803093653910784
44873180847427061252938672535984726988057836598857918732848216808329338840320
44055040933738737844670445622656546713033430208324951945254291370950719461376
9617072805079075950485596025826056672682508493920721063114411954140287043328
14993588423192318780944788224262160666352678823526328832827322174420061411328
16430607931797345050099258722523896488945806694754576394477262727955562788864
22794577105006713980605517735214777693649185808791409522048564142816172280064
16796096811331409042719274748945208234229433508072787366615055670704000628736
15018662467671499282134874008436109367138211453761767493138505221792358492416
15016798996144211589490785599522363764886622070263531953178769894330587501824
38027994311934070367881524536166846283117787343028121523001255204362134250752
10039811670572974787500671944406920362670153547575398057749562113409745982720
24010368036224876309265773477545262664750033404837186089344076257194815150080
30420475383721426440955989877206321758143864832438314194831595276462268638976
24096929738905094348061769189382759895546469332651952668703268656256547980800
23100131219278095898633662667615962328723698999197878389446757371368024012800
23248435944770420799037179750757480829247580703605341141286072000901689145600
15891257160035607663228954773960639438593499870383752220143199794680162641408
37607712468159372917507262257421105077762065255635698742172356660975995619328
44026874906882600462499719907502136898390083197510921269640856609960460981504
9142018702269144444650286441585220266641923509644637975745428508934720161536
38561699455212082345696379131458799206912861515706247415430883165000401713408
9227034413761920717688538395153287430640767879789950992326424167403232908800
46307964190222228936977288044323241312357047762143131672745789654087796095232
8173696788075952325132939046107319604708219485493571979895576012854323938816
10038148349683628309300954369538836604526692771164385847979536812407541569536
30483861022188863132274122113123690521385094193160215705959390043181092992512
38618093624603922823894685718320859820420900028904053160326060486087563372288
16008193448402341370400394453707475875840117301191262086557377020790356609280
9219525313763040287651699334088869307684824415768249059564601099756288579072
24095197400546641037308297932278835260302940007001172859128007092730159663360
15444576136465076092122264480118795414254706906485770144333259249290681354496
29439895968027798408392367299951759545165516584189286879174088870480079841536
29430709743640266662920984414588496073566404263963473630834836833572551612672
16767509777989817596857340258669522259635887288862303542800583201352279758336
30844215002442603541929324177648359400005017333200444641095914369066589313280
36676446030081497089043425421578046983415270679245289615147866308492302784512
45410095302715244658005566643993510503650755306479272435564496048248011069184
24093416750015863501163009080659768676581062935414599874467569948918139099392
29944869141242858568238039788631257014349207699297660842529614267044849943808
38598782538319070335233442763685683950108208020385202407414569417215308302336
30937830289882246339453024280107445206192257245640163190478053751141760988928
24490419003348359102294148906904982176769088905704236506599899488292739311616
23220594300014133437895067633486256854731782485229821431932076735750296995840
7841847020228337735598851197246288523208385684791224825461485012918468044800
9622511381179777787677437142039609898437638419569873353459368600573585229312
23694012688913463431328682388389735249650353815449412270904545371376745665792
38991139916375782538710966178584105685181831067104005646982473917186243528192
37685646987902037184198275080185058081543422647385584800780005313913117299968
46226495976343144657544549800900245398101276889203973903471255159192417818624
15495814701362156650782684658063658178154138161728401879899590435987923769600
37182226707633051023755658813398141627545075234621569449875870235801512543744
38060108137685632344607697860513724943358617321860952531907033942518439249408
15013348122971330629826233884036100721666396406709285485785341606710171104768
30335231914604171933802591482976485993263195490421746595342345846938163250944
46170067298213355387759015033660999652629367917958289687231256124983606675712
15020525939177669806967644294139897007282471242526641576336145366903366833664
45321960001892647463338863296214938804332930292424894505183024419784530225408
8656377320577257257701866889645480440848353374733017440421287433921544820480
16455329987211580988242614965308427161386046483482934223413226820639108986368
36786314930196168223412155110845584089694193003602854792847841355846889403648
38514208538580128384365969773131116567138054940526042353832297455418022983168
16771471380379245225659991930567350396949896765222279930213988075229488371200
39014315980607926215100594155703404704872749010613222648294375303485910980096
15069783702854693472137509226853615596224793551661134188070355256978785539584
30938085654518517660180670643603853760356520735083691323617728305007138732288
8285097875859085737503150361571096368564731552208035060686980308801189996544
15895004808301066462685780749614202065085994357705163983520625070758098786304
30004741790782754462301460160182065749966993295634169510039015595094391084800
16343570008617564609293202198166386136956226273225782821864377271927239629056
9615299056274945464146799673252953008811483306252568765276964974138178958592
38478526509979994707935526146117838901771472243736696540288221737779938628864
10013288259361852100609588236311481745578647726422456482367808244845017196800
10067943188662803224167204808444153630146834036369738550659356538067735902464
30029919361462868878271887563493009146719695028224208923731312788990846404864
8633063221438825328364253073493997012909599469176680236410576855222697023232
8290163757676423396303210203930923738118790910818507224448703794949628794112
24515465440854440968820696726010027948369599979493140663927246274112767092480
30420040573708593122115393438485876736428574264087355065107756007950890063104
46316832934289424678243697805513418637155233305009011314972029447994767538432
15474419287675201600408844889102373313667574746683921856479881464239747520256
29572181740257603898247835462795030782361576530559751878958206090840552855296
8737645383811127309335338719019297161015549726586705047030421738644127123712
38507362006224320898264623759889486938077275907502746689008142871671390832640
38173421009234340704681192406791115229487435094654852806139828873973036701696
15493944328103410531271125435062238567370532977414078546594470532890245031168
8652477833897513515329246414406402565858687294350444483818831382054079780352
22312324480757102714810215253639886358577733756994426069462993855684753717248
38055056059366781266055281183289699685338803552770316937008892527343652328960
37180018148802539058090636412705166607358676202404881620991966737513932285952
15020111834390698165419822705912137995456777834090211974107469801225767458816
38963180941930256049449350628239146730430993761703205385480266788368427685376
16006109121011448526820853114888019299024178137294095659431009512017633904640
45290184361705443382729564304117806790902979649531508830207767909302863762688
44051175955777879473644259813301663556607064186116662635797117731917887071744
30789760223752029524005527380116980029005041055408980541917739452827180554496
38138070264425537665795883103442831203103837172065899164883449074712010126592
17274822643198265377168691913653317843201439784930887594254988867639764682496
22764506196172588897301763147563377284121504865878098621342696017095030183424
31776992922956922279504627380471252086630301289726401187045150534970920896256
24068356509029484477376589819937417850730195120583325508638096106759438824960
7776031967079787779852387198114090061245321126694819892887046532913194957056
44837981941069893292490837378303771928146011848889062965815526512218522290432
16341720340591300526002708999481042418283759555791023922865475341966723601664
38562016935530898383158916884037323397640591365035223128417982615946981300480
44811230772230528080132486490194664801164590228257451543662742500322403898880
37690533424308925256182511278748573553534772352892458533385766237381248653312
8228572573284580483925976719925752642932503323578400745543777621010833446656
15923522824205948741204560057643975649627208727181772166662907167191163495680
38987599320506030338811750630859161654381950439860263138839603430167347222784
29976920851257634989587672061323525530916319293943970197229344251659801696512
38595587029774052797399507734909436541099649944956464260083292855218237437952
46311511687830520029789034825580629422771207114257555824342794658396526646784
15465453919163314079386122525993662766407204853829111516227335215823876299008
22730825673993619195117307402146382183360148688502145788757289854273882322176
29976796619843576013939483829679357229357525171939244860663848313592581871360
39051226520083287398819369054570095168751880394638833837226463676166283232768
22283813366604684539106252397145211057770428764948021823581363385584525350144
17361625906987397207251286190612525145558831367616894339948152049515961547008
9219670250416557174554851182108046646832117152977047794857797812907543009536
9986447367819622299237098459918540210568477774660688979072546544440356329216
16351072206890737742094086707711448964172960767771318719429379523823766443776
9622925485986580979065318704148861054655996106690505741058083823836506712320
30420289036569288558705757631144823412436407016613080091710260095089579025664
23135771837405855345649550611271103414655232358817741057924659996345419327488
38510757665413308593672963704227996694906634893156329488432139493069426354176
45380279758496724052000045209367747836924782724799344256148702046324870632704
38961193238995575142211911187327428967236539581368739925144816630493605295360
15465460820929876364363620281919337435813206220860826111524786080446781430016
44026640247507635768736864043337506021250799472223612189600544346155710388480
17282090182107555078145555486731300518914065727916438856368234329094826251520
17332997463166907086861918033084825329689550130234518359140656728658744531200
38994576986082428448443750127823982553874320511547033801449587259215524173312
14963772878961070630353842124115054004689362992789344574438665843731575956992
22651234735123658120124753644899627977418766545284505563890107686351914031360
31326536644127755704926822484173334103462914439266716772839773130797809702912
22734476697812276500969417446309297559956055726773393543753575333575751329536
7839728184099482339819212940862100825225787711706725762615513732523975276288
36667618696524548170750461357334734922659917552434008784137241860327347754496
45376849590582116516169560138687021761627240867515459211245486394624869697024
7809933345107176756654146356813474719370656323702051995229296847835278972160
30340560062778102742724325559729861145169448740211594141096277406621198865664
29968079714194828666835502959108029776088489646738731118170988164225424775168
38081110151832495854853446044060955110803223086089266057101186001059567994624
15446239457360156534203765948904391410940828796031336578220979377503435593728
39042385383027525383444667809405536353235657058865601397599742214102090085888
9166740757684227333820650193570250064245407538882835950085136538508687136768
46197888237729916207154417418936395896184360024897041624927233031108778358528
30928775198683046225021655126612024515399396582363400002529573354214209784064
30881518941432219381515354658998138149099669847166847246732590092699477317120
31276878579188516323150511105132161383575500881710284484588634800992437172224
29972931641869136907707151576774327971195424640564149676926060514647000700928
31808996320766479123298285339476227069069992121181198978433711639574196348928
44901022492176462682805145413524683740572313695674590913559386840618702828800
38570864974359803996660641232599013612304410172524630378663409987321783019264
10129679309754997818083427926225198813204696852351897838452883649452902484224
44473645653170473846853623932331659432179474438660275627014381805539362830080
45348345378177687733291193792404606527356846930001346509534838126075072448512
9138271054015620455545021762071554755362031161596638665808131073769965455360
43965028357889601832073243217450207914163380435686475929953818999055080527104
8711260007526930697966418247127805820607164113631008753708631534523360250112
15022403214190558382592296059864416814346954955662673745657341467337301722880
16313768267912768795616751603912191146723963321881029898374842139999076845824
22679697537056154390868172856531478089113884849499263127963749632466133546752
38145041028229262512687593419752583971700250596565355504486734977992882477056
44818091108092661017781488305561889420155660089099434194012816361992053425920
17274594885573733420769700440732470955072613488340509000279505648711037781248
31360355201240220929015251714489142921979329669737569896495268243820904809728
39075741523120714323046478966425982541223929383123189888312316421124774000896
39014205552666809543224240434304431476847358537823636877107981538358109767168
45261673247553017392007386037887231816628882832830501387320133606392716694784
10131439255058934427773948135509326433854861887078831673905137250092071618560
15074987619600276502173968491530978673953487987491140305989232826727075764480
24011789795958795988994636232528975166116263254615797806212639209494203172608
29462761453680885975348371299591791989133225189280856516374693720999844009472
29967624198936272926475403529834681979737634185936317454024009472326885603328
37210468653690311256783782165370187937490494794938833854922117817006965544192
36757859030001741392323660925310857088805182942081239033420739228768054835200
23159983163570727425577547492291688146921327468148168398555009861188254590464
38599100018652281127950528084321187740411728212851009325350636438858375981056
37125232086307418567357387464493766165061208909104322893578474601672223528960
16426618722423354813527427369061800802164444921363336232305450704671216335104
15493723472226536829390132746555381075688057158412822426414790765698076939520
9984790948688522076043604355485129482403489492032964270895119168172024501504
31358457221000609594808766279018087586296240123014463855294862229055418571008
36704605155196588952118997794474057417404946203746853861513026843798549124608
30449973447626577728141378050323058100318206624680690935255657470189080516096
8314906518323008641833426182681215863724438294030421695333789368920428864768
37206389721592316235677692364165645166816504734765798388163386908451620218112
45323312744171296327672038116521177193162157046636622587562970440797842413824
24121679401305093484625648770641977157346464757482877246456682607149121492224
17334895443406460602567537383453618882534024397666628807710821885605517481216
44364460025937920769307752028461657900451945362425696471328769724978363335936
9649234943048949343020898428496898177408208753378941735867359212024367581440
39014205552672106111431816654535264984620405364147320616805447929711108130560
43933356243877086965263569774485995417635000622968359591539302136417731712256
16907221829268925568275480864164153587800905977572120689594460864553965549312
38137856310302799864522210751417782401107130834859130535262891068082207753472
29434574721580840729896620979043795955846934667285588487125716616158020982528
22711204009122719316150756946565504831688542018550893726420610784875976807936
45779159286877532841382234055981292178738838804126917569393169582114100184320
31333824888295441555862190434616399429171533734090134459430132954650875680768
30825090263321043063367198673591294598588549550193839247347495356156063741696
24515672493239053204493161087886074584519547429450252825792340697523743724800
16407514688534565545922479038743569532216188898156743441632386062574125930240
9537902872728973595198650560143175390488704245607262556325202972909705324544
15048905920149479875198442665046679753702976274595474588766326304984183310080
23135771837399734222048600119592587260506070535253696491992311381383885252864
44360484620041245515201686588101322286729015757400940844011728074516559452160
29487283358445757283049431847079092774484819664593725060391366546254049212160
24483317106383425189637889259563116060752833214200831681283353818730263369984
44021477741252576110181172043149895331758670862501906263284450848982514898688
15047049350388006900391772433346869167674014828451308543821507979272326043392
44846788569402223781187302210908390068239275671812054296629579242827297617664
37630998960334294344483459317025755797367614847848902017653268325595515094784
29918276712555506962146154704984807775451551273281388673470119731795334621440
46314845231323093493708787344288923338236777318112441316261740547579244345344
8629840105887858044305327528424088458446825352700290192583736745497575651584
15926711431011665904657162883831179513080838401039461365086176830680819209984
8659559025637778210029455625131431965077843899672963230456501458716936603904
10011521412290049802279533644665070242771107216264532660095612760185663755776
7808180301556041881344445550970294288308135165579129141415560140003368998656
15076989126053157716925197794182113398805821490618857975781264694639596238080
24093430553494154002049596739965846896090735600403329259807928083756389860608
30936298102200250609930220619870688439608604585697968761964728401162892892160
16773265834430209319189702592974940556964114189811006456727139103105414043136
23098364372185727982440700983174347699113844456395194559033717774894664095232
30429344127777073212777052567076864579871143445709539424392772670662729168384
44931279748180511539156797541766759280476150852481963393947914160977575699968
46316715604601560052507102486406576457428886457163143399002865868964018877696
29487255751446386841641774660123639083618332124470541587302325832936088561920
30400612157747286905813727542586981893858184110671610797014580320974084265728
22227281162279436118420690063311116388442695446067206295539283692733160920320
38114908003680438184167339784953687499834986285038626848803460458317872518912
22197472519806745986954702201334817788983999511861098678214390982213380708608
23610750020971438446654140250123635213127860819004793303559345322085742826752
44417106547096720507295065188170206678368842623594915038155235338170370980096
45800768654702555574424749916632826462171805910753338698140611673773711124224
31780429992624000359500687972571573181262248566450382999066596878601095317760
8233866212733009443257039175547359087465228770697227625314225627017755588864
16803198708349047411036624368829564595710669897023389687777489662926010291968
16372198452464103083951875582061951196834036877726769827778685996058642175488
38031735058460583946067705530187918026579852979943294478430724112590126282240
30001214998392167339244136784079003767536294300819328894979601618821193230336
9537668213346520231582772985462121223082380034030517634428611951430690306048
36811181922277561089756779827050995924378521095668333982631219600803670616320
22764306045521970624495058417555638772785888569716667351502862173300026926336
22337150062380474265063894153432657654980744437230135480018495030503439492608
30900643680566510300732648846858762207787666297243750067031571992924510578432
22651441787505885649123749797253143487486973985695528682178379776408852784384
14993698851147085826860476063231349377060198297274182348131742708754202256896
44387318609850728048985166608489149020246129510337043352767126981518829393152
8258388117482558282014060098299706331535352462220068317551709586187710195712
15106673537079212831154424675366160351614539574694682222811358890795128686592
30875887116440421647994464705072706938265744997722898737692106793161934276352
15554141359732769313449503181109428391843418241940381048985711379307277424640
44422738372115649989930506504808471751017545812666212827721389814439938127616
17278694522897191499028683032407371657503665153272357573308373126204840568064
23610611986058459005624005984366144416689597948882117786405104578271634884096
37211918020404162443575824561570302330277284542613856596467263941397080266496
36757831423023399128128809064127058651734212593034294179177887107422261434112
29522399443863503438226403140207595104286937703299517029197828936069104896000
24031245818923609245193563970131634618921810239337654625362061539811425617152
23245199025714136121675667367560076517974018829364860821125662236690533931264
8284890823454693731672100238532636017611284331213937723090301409692366510336
8652491637385248098186429666993806124045839850621327130866643892118332409856
30429226798101495247878205276220081074336417470960746833916891335114957940480
31246807670349812961150692284634433987695726613586196561909338444456797759488
23559697803250859061838988434298994979787952884534588741308888366732014881024
38936250327692923035084101240066371412780376482246737874524315225606684439808
24577201561926530694318222278936639047021741360479673883755115286171210905088
8292393021740190498945049327974447121709059470841317554285886661141123913984
8741268800636171868645451181816296984212153468921060179036622241684072781568
9557441716641672482876509659681628439847206833769537366782030967376070600960
16405754743196798068380302309484352286472820336777554358152999077915213190912
44505669756218685606026074612419326450443269888459184588279147947544224028416
22200778456300663695681657699331605829619961369783260901321275615441409570816
38088177540078034167079114234505111543833569253696306015100367660013788423680
45860751732181530794786605846622170552591963018306662149109591748755076974848
16407645821695376780366898321795526578675265842165301734844209287699992320000
23559822034706443055353704237028215652701469784089457146048932933597475005952
45353549294923220841452896590591709962932229591877005642940575026214858086144
45404918992954795083656698603656189954788589234831063823370442166602602734848
16884328736655081766092728911114864641726731150039019371954142742642422220800
7813142657172832527788403086473603236212584361658492300086643358992909572352
38506920294444962560816295094694088774105890981609851086276378524876878014464
23133804839690820474295482086397372628711894650821097071741412076074256652032
36782581085402035837029376474850555350892620195537286957149945703783361579264
31358560747176063690812505573400192887687431339238306889549298366698441250048
38620102032779395563776231667544012741679431226833850030227605806962647332608
24520869508236619716438714359894963912740406802214771714948850250912776947712
30449987251126650367980379372187705366734484974982288983304322530153977960448
31305120525226753510909405310578156616588964909805433360250658518557984724224
46259734786757465820074983336994711601027791716600872482727415085888815060736
44422324267315120988338619884143766513515055773348323462033513321913068652032
15437419025529343581791322717747512876108118195435050325633779123253683840256
45774045092828006345957641269887566735147726441954830623928308195046455867136
8290198266396205158128700072983230932762039172340422225367712817495591716352
29996211232298582522926699036629314074573152460056799406774233753934664144384
16907518604355257137495957977778882404375842063583439803902805824036319749376
31360444923943062056652300646929844856745492358356245186347840215547249202944
9078398404444458267130027064414871905024927812165113675013914364115262403840
23163937864252836169803140636470454994829089886913744703541137118491494024448
9532698955983054514743358098270664175751158077774898191944292410211702375936
23587649875949572753915241456130493029812113381501233874481254842094763538688
8689802478129054206687696187373724981247726455551162459900440516979372419072
38033729663148152182712734608263050964101963027359155012366807625827068773888
38507244676522771582698366456328059755893290745227490688012198154137222084608
37206610577476720062246676273923891349347189539419070263980296786924237456640
46311194207505996324590443407040330640788958184687456536211208373147829364480
15525761378768674368159966186187712709760539283159654892490478701168625813760
37577979744885445345769672328516654659815220369378046812855365311121894971136
38084864701831158614084716821141256536160787402012851012661138528638747371008
16348891255071171372185738197515050121537171837928767316571116491060873357312
29883388384767525273302388900728987076350819045182303787542209825404547062016
15555770171877142193966989480239825797144836125256729029188530104231961986816
16347538512775170668887290467173919545547734340787101995167126971329497630464
15925158538109938702348771508217462126181959700233885226978478861682856257280
22732923804876070613541569988408576062517212129970544447077854947930016282624
29437887559820311620361001948151657428036466096040673666051458162390902273536
44507119122931354185748154229844171959797810376417316385048806831156873291264
30846195803656913900064675655883222433020079526161198537944806621243149604352
30853152763966990852876748764460704905960364655451170311727545676459943757568
7783630789786628822474723556687142162394042801104628096044310847874204800768
15493965033327666871642271294527033508189471202366451837839884141330702035200
22653429490448387617343496248142240946971491760087255521338025753591275681536
31750835304296365290506569584350739952154867629815184765036618917337166604032
46173131673577365786020792365773383749445885994159625226668672141867368352000
16910617488478130457936634522032077038720108927640514552796619770850336855552
38081538060099850632306742813149232474592266027947440512763848728833901946624
10126166320863174697177901312479071845009435687879406984195824167946428970752
29577261425548684510630766931658277437427874688442665237964287554619449899264
29886556286333374196653013613266196176790712471569955509271593375551346608384
24456952435313260351309836266204204429541360253449910789045426706815796074240
30872691607868224160318832542823645081312927548847213137709381290846114511104
9617542123830321645764015483055954678589868683634198710002312588840536659200
36728140110232457991581415610413807082623020618029740749037851095262675100928
44841046316422411069775327421912797539818114260527231008732094409196276573696
15041631479526749863851042577920056876369684739427392610525390399304481732096
23184829450419171734849968917618784461869363108615262290144237632835836016896
39019512995606231735280171050448847270689842911899389333894590226685766236416
22307037743069115082529769792847201552888142296685148098754047808158715762432
16881036603641976033191975317392509530288021587549415888400961717112386458880
36818235507029530272310374290416786370793469720960719978819584855967342811136
16850668919701647845554316117848507870535720375954034363293901368540734592512
44019579760994530146736034539992275128261769304762517987805472369793784239616
43904838227980298758007055055627906070902190148140244063159819872944533116928
30365723829957706000131672245315160253508314995125920343056036792115536692736
37266483227041221738457816033662704628484413206566868617087398026720925095424
38484165236751414500289554219715466316938289315671575091386680579656177440768
9645680543680020971439707824665752941639640746784081734897066494077286586112
24087557167365792719998703525006190732190615644051032731038629791140087686400
30368712286127486001169113999885941678644313762687449290446658606765677381632
16351099813895868951566185657143231985722417674434217063434872769024553801984
17218621722708279347292843685488770482895538142231609231657298510565114217728
44443519530347400158980937410841922267699945442385301464555745721407254136576
22709865070326100272521038392562336455021303866948046843582447035204466219008
45855099201943639616365667817147634942965813988022917896562335356437341239296
8262128864009536266764989069274634155603189829105289634909419336355116714240
38563873505303997245957890678107570239765404538708918618374301002583083931648
8318433310700456026648557050337696004269691050714688007455798356010002257664
23192000364900638164604747997004455068334160652657388246556711854693628151040
8235405302161345637104312975352094139669350739411826285470643415266665989888
17227455958012423902682011055117705822185140612657928203388397607130338007296
9560768358374197121887700764305071814281685865505646353083351130017508054272
30337129894842979716572019079743012889539606892747606317998244610430703601152
7808290729498053428858786668679394825744854418701605054933888336839166224384
8716450120780592871409555706029828467319030037146862187353666447994070337792
9592564703795556361825474845200453630466161890896888239304444549138314908928
9560754554895922595121698018253730119628161174303461572281535999834285770496
16907201124048861526376456547340116593453245054619960058139868489979147015936
37576116273390732076185919767320425060881174107998160788899662687372311942656
37579518834326199936469528071605988043761023962149703232690912157943107851520
24605588444656977106917358917368056059773031863625473149181414725773802567168
45779690721358552901547934865830361383585020671645444497318037089592712517120
44420992230276389876095102502842690444269215260479448593513700948813888772096
45297244848211242265216348264839074449265260806874386027192395211492015180032
36724254427052404859514790593051234114373848703800942603042796229519648122112
17306418837965693167742910360173367649313127716925634868483529287209833625600
44385413727873415421622487155927883256314744472794169892519799966720696088576
44924205458174257102982241410478726892804085613622738738596420723004068554496
15924854861257545199884088137776612910111613403456028983225878996491508869376
37270237777046882185204880445477757617231383235373945416909368721337608394752
7832771223769118196985328797019016352584680223503026581676734890436095072512
44503792481199630108990334139481207121930654162490267052585706696565932258560
8680982046304050705310487650500434223232582619490311405357995743501206722560
38936464281836745476491409018331215248471040319696413873351367216575622313472
37176677703570278118827286281134907474317459350871291951484134866535155472384
15469104942993497970268754557571724230707422083857641501326151251989875741952
24568463951037919928615885907875746875056522100786803103274126713416320578816
23580596291182283450521263471421270644234825238806798503873999912407896974848
7832681501085994400803733020806332608747666528023805034122682231528428754176
45804440383752411606947677289655263230643031401775141076533506067782259005184
45807421938166409179205432564260087351210234635374050141178384718549253322496
15016585042012861995707270712186869025571301118607986695100528827047805032704
45270521286356906383921764781718354566888804697345825071934652375086570759424
38056236257985550438091933647644347041913536636993788292903587201785467926016
38174642618325071117068185015041613497421493541726490087522740789538257795328
37240097850751763792157932263892603034592623731600245623162320157763925734656
16006205745454462680905556424229958285493979200770089323956748141438877402624
16822723748750052587740301506955227109229719029003391800013551085159995373824
31725878589506811095718823832934577108375723588381982589111588746187589125376
16430601030064573961956250871780972857361076155645120136247402140055148779776
22307010136077529872750597373973867962603753652437662057380571432140175530240
38989476595518164939989147929825578346707513506810639136345161125823967036672
45716091128766268205817138778241403480716877619353271377104619509052327958528
45353452670447599094805503079205400633809279472986686055783813329786677852160
24540415253904259309141259945768909249580971523037973013193430929262857655808
7781863942723055460011709636645540620741921527512783269817984092526130652672
29464507595487341044918640307971824459846986473267823361225421842409003111680
7868025344115080897470114728198017825943093230735411254396840178029709124864
37658812998118828287445777384168859373414625442301825133005508100276205549568
46223052004904552016673104598768983843326858216856078982234345886586424039168
14985306327569665143822715532896569818883676820273562403344207833086178981888
37692521127255208168027537870105102847919314969561235891539636137968610666496
23243549508351651039649464089696314677996255032749429243195864740971541797120
24087798728488335444139331906119830945217991062501788862727604614831468402944
24455178686527587467658221469571721505759900872906708380874150174082391709184
7779779615325913214757534193783659470077422644369985741520096724098531944704
44026743773716077077587896969778793319810637432300781720382552860961177696256
9226848066610637425492535460531856576605704612894795903817401711267037013504
9112092730123039388610594902595316573582697263967321954196392025183334267136
16797870560142611463229696821077844137740875037326775679377957151776777271040
31753920384933512694056995269933797484226677080392982734379729922581667079680
30932440025992390158930408544054362527989082283892238314148841441185569863424
8716229264896237760636439894775623774767948329127409924002852716201291179776
43965124982311696277440802773216817888459489104678784986107908659874958371072
9677249131469365524435879349124555770490108848379101397798610224415004710144
23644064750600920589441261528123958574518708689051776363865383069832339625216
45321642521560257997304047050587141412296665161556163031094427196853152282368
37181881620295194230248395151069881396393362544056175466280385635537387030272
24577546649236854418891996597161151297511172315111926414210575002531074185472
22764519999673021166891546624729724876073506071620174485671142949035791705344
30796503229960428702868941485206015155409205508664233745217532571896059877120
31275208356552435280493551612889132998857937425993284131317293954315035571456
45264972282281332584568046155277886181621415632751942689178643007838361184512
16803067575168816944258739110830370554640067346786663382158411071935389062400
37609700171107275999028472017709146632024825762383372009746977055183397684736
31835312679599955662257909772617215252778019086924924586261511634265484916224
15499044718647135577127669961895880035051183027732769848378344244171276441344
30455729504080651216394154162532753345293430339083275426271892402467402839808
15103367600591799693087559680370859271298957490904121590814357113457467615488
8181088558425754725826012941964318291551812674503324586845309271288567138048
44893941300443884184213351668395673409156047014932028671921905835876044806144
23697208197485652910501190011104245508821685683149115371298194480748035475200
30821577274437520261661400919394826002311047346519095017026666922646658509056
23692342466291392290509777528209315958676893840116573701511235579906442483200
29945103800612526988691693372371970755963741955123736172523427091753847985920
29574072818754982127837429176100210052202917534701161404904427272903457208576
16771146998288196628211008370400698200261661691001859186061537267556817528064
43995161382433112229510477964935871012280179888569882474790590189823516497664
7757134985582254319411953232563120436022937879748375873403936895418180797696
45858646699552729144727333875445871126190651115291949560097229907901776488192
9078315583483024398691149551169589042573163909279624632401660014861445649920
10094445894634063175842174089301922870151047500644952801992221158384604768512
44959307740088220215018504009894439320528103066265391914456983167457603183872
7832778125542615706006595652323029039620160633627429783921712623048511092480
45270721436995176933105096077153402895109643312906574451311156678520312796672
37657480961080503957659794935364980317010452276329493916337421569032583611904
31807484838304704606154093158133748451913984150901147555837681766384478418688
9645556312232175998560088275715764139934502837778133729111113739237926008576
38966638716851335382769209730911430938758682858722517184042619176752921347584
15889959631728499813367756016069519119385797263929239068528425671821807425536
15048919723655748868505642264418781345698109633720547639953399419583686273024
31271798893870617609206162895508811073428081522268262726636344968573418559488
46256194190867212197332328325270831904332091412389324430818907148234153039360
16857957163852063511662164535670891507725536373782374649035525896273759926272
37630667676515324203466002100007256579012353748593623840259626425534822900992
45857107610104971227294463027094991320979928813388079026868138295721252709888
10037810164112712491178783764594535853098645467007038341170817792017880671744
38540718146316714281864037022889902444362718858583973514719182358339543144704
15946022517317085205273228836897190601841584282260296925732925984809480189184
14993933510496521690196427135793957312235907692415702120864889899225521354240
8744257256824486092549158201681237302042492869889001552217395327228479895296
30906054649695836376872105759123453635574519166747773183576002197997382760192
37120062678288302362382474256806337517096333859919776667567366648203367254272
38166339817482996497011960628588927305905929126444674938765721125226892653824
31298598374936434675943076265972410059708599674708919579644793966819889542656
17218607919195894528225206822044835655373755436408235351360415728847538186240
45406658233041121642793560173107936826443289324476488184809481971974629984256
16462066091666664075729927434281084562495802052607306535831712093733203244800
30455715700581786903827746372784124372286722837565023888404751103722977330432
15523635640865963217024048136857233792926371892224359668030963173328850295040
8315486265023980606332937664032980541777953497187670922073202749119421445632
30821439239491252809532937318942725056740557274347252078140644903953488250624
7725248917433289349237777999490893185909538214081359206003878925868208850176
7784873104143444468044935628983816529311541803633976909284087166030535095808
24123446248362875260661475095138133032707188307129636041138423741408696821248
45772278245762326455582329810539427080121626288767956338667518684388407018752
38113334405539694582490846381458918184414564773887470943221284002780396742912
